===== REPEAT 1 =====
Threads	Depth	Nodes	Time (ms)	NPS
1	10	300272	527	569004
2	10	730113	679	1074220
4	10	752489	346	2169789
8	10	1329250	353	3765267
===== REPEAT 2 =====
Threads	Depth	Nodes	Time (ms)	NPS
1	10	300272	535	560920
2	10	494832	436	1134284
4	10	987620	514	1919048
8	10	1445021	358	4028336
===== REPEAT 3 =====
Threads	Depth	Nodes	Time (ms)	NPS
1	10	300272	541	555027
2	10	549464	512	1072738
4	10	1024895	524	1955187
8	10	1564379	427	3662876
===== REPEAT 4 =====
Threads	Depth	Nodes	Time (ms)	NPS
1	10	300272	523	573343
2	10	464725	415	1117462
4	10	862195	428	2010399
8	10	1617097	407	3964447
===== REPEAT 5 =====
Threads	Depth	Nodes	Time (ms)	NPS
1	10	300272	538	558003
2	10	522191	465	1121426
4	10	942298	448	2102799
8	10	1926157	578	3329553
