M3-F4 fixed-depth book node counts -- 2026-08-06T13:29:57
Engine: C:\Users\Samaritan\Projects\Manifold\target\release\manifold.exe   depth 14   24 positions from tools\books\UHO_4060_v4.epd

arm             total nodes   vs neither   median ratio
neither             5990183        0,00%          1,000
depth-only          5931608       -0,98%          0,960
hist-only           6068000        1,30%          0,986
both                6581227        9,87%          1,061

per-position nodes:
#         neither   depth-only    hist-only         both
0          118175       142517       117004       127861
1          138697       108915       113294       119589
2          270295       241385       283675       229655
3          305077       215640       213904       261792
4          235315       307329       279647       443357
5          128725       204539       221729       182032
6          515080       379497       446664       522000
7          274854       383895       485406       423845
8          246587       404873       184986       260940
9          255270       373593       147573       401067
10         181538       169937       205870       212332
11         343744       312117       310447       274143
12         238045       228214       230931       261156
13         131918       211912       243974       369973
14         291946       190740       240151       211785
15         137170       139209       203778       120294
16         141255        93653       138804       136917
17         492069       225387       469201       323622
18         264234       476418       262102       359976
19          80270        79462       105660       115780
20         316393       210635       194198       250648
21         296326       284955       273714       393639
22         269019       264356       345655       285952
23         318181       282430       349633       292872
