M3-F4 fixed-depth book node counts -- 2026-08-06T13:28:38
Engine: C:\Users\Samaritan\Projects\Manifold\target\release\manifold.exe   depth 12   24 positions from tools\books\UHO_4060_v4.epd

arm             total nodes   vs neither   median ratio
neither             2647072        0,00%          1,000
depth-only          2662283        0,57%          0,935
hist-only           2803886        5,92%          1,068
both                2897649        9,47%          1,053

per-position nodes:
#         neither   depth-only    hist-only         both
0           67955        56643        64815        62171
1           70146        80755        74202        74768
2           92700       115790       149269       120595
3           98853        71607       120692        85580
4          147922       177515        92240       182040
5           80568       128430        92601        98064
6          176015       229639       184842       160433
7          124809       183157       266107       290474
8          107722       191517        83452       154368
9          102173        78324        68557       103225
10          49463        81068        58395        76328
11         175609       121675       208153       185357
12         100881        64481        80755       127637
13         102864        59575       119457       130925
14          92882        72380       100177        97531
15          97549        69855        57886        61882
16          72344        50955        78467        70936
17         126608       152448       179462       123377
18         155868       161408       126148       138339
19          25010        26733        37018        31909
20         125479        88639        76474       102170
21         174646        93114       155003       152402
22         135029       190247       138236       109700
23         143977       116328       191478       157438
